0 0.523474 0.347917 0.037559 0.070833
0 0.571596 0.331250 0.044601 0.079167
0 0.426056 0.279167 0.030516 0.066667
0 0.461268 0.241667 0.025822 0.050000
0 0.424883 0.189583 0.023474 0.045833
0 0.958920 0.450000 0.082160 0.100000
0 0.855634 0.416667 0.082160 0.075000
0 0.750000 0.281250 0.049296 0.062500
0 0.734742 0.252083 0.046948 0.045833
0 0.654930 0.225000 0.032864 0.041667
0 0.605634 0.210417 0.028169 0.037500
0 0.515258 0.202083 0.030516 0.037500
0 0.477700 0.197917 0.025822 0.037500
0 0.082160 0.129167 0.051643 0.050000
