0 0.707746 0.787500 0.115023 0.258333
0 0.395540 0.433333 0.053991 0.108333
0 0.530516 0.385417 0.051643 0.087500
0 0.431925 0.312500 0.037559 0.075000
0 0.465962 0.247917 0.035211 0.062500
0 0.518779 0.293750 0.037559 0.054167
0 0.564554 0.293750 0.044601 0.054167
0 0.512911 0.195833 0.030516 0.041667
0 0.962441 0.402083 0.075117 0.079167
0 0.807512 0.370833 0.070423 0.075000
0 0.696009 0.275000 0.049296 0.041667
0 0.690141 0.229167 0.037559 0.041667
0 0.656103 0.220833 0.039906 0.041667
0 0.615023 0.218750 0.037559 0.037500
