0 0.456573 0.445833 0.063380 0.158333
0 0.532864 0.368750 0.042254 0.079167
0 0.571596 0.304167 0.049296 0.066667
0 0.460094 0.281250 0.032864 0.054167
0 0.428404 0.233333 0.030516 0.041667
0 0.461268 0.222917 0.030516 0.037500
0 0.496479 0.229167 0.025822 0.050000
0 0.512911 0.202083 0.030516 0.045833
0 0.640845 0.222917 0.061033 0.095833
0 0.698357 0.245833 0.039906 0.050000
0 0.786385 0.279167 0.051643 0.058333
0 0.850939 0.420833 0.072770 0.100000
0 0.897887 0.397917 0.068075 0.079167
0 0.964789 0.354167 0.070423 0.066667
0 0.967136 0.404167 0.065728 0.083333
